-0.039772727
-0.039772727
0.13068181
0.13068181
-0.11014845
-0.11014845
0.20105754
0.20105754
-0.07507502
-0.014810237
0.16598411
0.10571933
-0.014810237
-0.07507502
0.10571933
0.16598411
-0.025851704
-0.056411527
0.1167608
0.14732061
-0.056411527
-0.025851704
0.14732061
0.1167608
0.051136363
-0.039772727
0.2215909
0.13068181
-0.01923936
-0.11014845
0.29196665
0.20105754
0.01583407
-0.014810237
0.2568932
0.10571933
0.07609885
-0.07507502
0.19662842
0.16598411
0.06505739
-0.056411527
0.20766988
0.14732061
0.034497563
-0.025851704
0.2382297
0.1167608
0.14204545
-0.039772727
0.3125
0.13068181
0.07166973
-0.11014845
0.3828757
0.20105754
0.106743164
-0.014810237
0.34780228
0.10571933
0.16700794
-0.07507502
0.28753752
0.16598411
0.15596648
-0.056411527
0.29857898
0.14732061
0.12540665
-0.025851704
0.3291388
0.1167608
0.23295455
-0.039772727
0.4034091
0.13068181
0.16257882
-0.11014845
0.4737848
0.20105754
0.19765225
-0.014810237
0.43871137
0.10571933
0.25791705
-0.07507502
0.3784466
0.16598411
0.24687557
-0.056411527
0.38948807
0.14732061
0.21631575
-0.025851704
0.42004788
0.1167608
0.32386363
-0.039772727
0.4943182
0.13068181
0.2534879
-0.11014845
0.5646939
0.20105754
0.28856134
-0.014810237
0.52962047
0.10571933
0.34882614
-0.07507502
0.4693557
0.16598411
0.33778465
-0.056411527
0.48039716
0.14732061
0.30722484
-0.025851704
0.510957
0.1167608
0.41477272
-0.039772727
0.58522725
0.13068181
0.344397
-0.11014845
0.655603
0.20105754
0.37947044
-0.014810237
0.6205296
0.10571933
0.4397352
-0.07507502
0.56026477
0.16598411
0.42869374
-0.056411527
0.5713062
0.14732061
0.39813393
-0.025851704
0.60186607
0.1167608
0.5056818
-0.039772727
0.6761364
0.13068181
0.4353061
-0.11014845
0.7465121
0.20105754
0.47037953
-0.014810237
0.71143866
0.10571933
0.5306443
-0.07507502
0.6511739
0.16598411
0.51960284
-0.056411527
0.66221535
0.14732061
0.48904303
-0.025851704
0.6927752
0.1167608
0.59659094
-0.039772727
0.76704544
0.13068181
0.5262152
-0.11014845
0.8374212
0.20105754
0.5612886
-0.014810237
0.8023477
0.10571933
0.6215534
-0.07507502
0.74208295
0.16598411
0.61051196
-0.056411527
0.7531244
0.14732061
0.5799521
-0.025851704
0.78368425
0.1167608
0.6875
-0.039772727
0.85795456
0.13068181
0.61712426
-0.11014845
0.92833024
0.20105754
0.6521977
-0.014810237
0.89325684
0.10571933
0.7124625
-0.07507502
0.8329921
0.16598411
0.701421
-0.056411527
0.84403354
0.14732061
0.6708612
-0.025851704
0.8745933
0.1167608
0.77840906
-0.039772727
0.9488636
0.13068181
0.7080334
-0.11014845
1.0192393
0.20105754
0.7431068
-0.014810237
0.9841659
0.10571933
0.8033716
-0.07507502
0.92390114
0.16598411
0.7923301
-0.056411527
0.9349426
0.14732061
0.7617703
-0.025851704
0.96550244
0.1167608
0.8693182
-0.039772727
1.0397727
0.13068181
0.79894245
-0.11014845
1.1101484
0.20105754
0.8340159
-0.014810237
1.075075
0.10571933
0.8942807
-0.07507502
1.0148102
0.16598411
0.8832392
-0.056411527
1.0258517
0.14732061
0.8526794
-0.025851704
1.0564115
0.1167608
-0.039772727
0.051136363
0.13068181
0.2215909
-0.11014845
-0.01923936
0.20105754
0.29196665
-0.07507502
0.07609885
0.16598411
0.19662842
-0.014810237
0.01583407
0.10571933
0.2568932
-0.025851704
0.034497563
0.1167608
0.2382297
-0.056411527
0.06505739
0.14732061
0.20766988
0.051136363
0.051136363
0.2215909
0.2215909
-0.01923936
-0.01923936
0.29196665
0.29196665
0.01583407
0.07609885
0.2568932
0.19662842
0.07609885
0.01583407
0.19662842
0.2568932
0.06505739
0.034497563
0.20766988
0.2382297
0.034497563
0.06505739
0.2382297
0.20766988
0.14204545
0.051136363
0.3125
0.2215909
0.07166973
-0.01923936
0.3828757
0.29196665
0.106743164
0.07609885
0.34780228
0.19662842
0.16700794
0.01583407
0.28753752
0.2568932
0.15596648
0.034497563
0.29857898
0.2382297
0.12540665
0.06505739
0.3291388
0.20766988
0.23295455
0.051136363
0.4034091
0.2215909
0.16257882
-0.01923936
0.4737848
0.29196665
0.19765225
0.07609885
0.43871137
0.19662842
0.25791705
0.01583407
0.3784466
0.2568932
0.24687557
0.034497563
0.38948807
0.2382297
0.21631575
0.06505739
0.42004788
0.20766988
0.32386363
0.051136363
0.4943182
0.2215909
0.2534879
-0.01923936
0.5646939
0.29196665
0.28856134
0.07609885
0.52962047
0.19662842
0.34882614
0.01583407
0.4693557
0.2568932
0.33778465
0.034497563
0.48039716
0.2382297
0.30722484
0.06505739
0.510957
0.20766988
0.41477272
0.051136363
0.58522725
0.2215909
0.344397
-0.01923936
0.655603
0.29196665
0.37947044
0.07609885
0.6205296
0.19662842
0.4397352
0.01583407
0.56026477
0.2568932
0.42869374
0.034497563
0.5713062
0.2382297
0.39813393
0.06505739
0.60186607
0.20766988
0.5056818
0.051136363
0.6761364
0.2215909
0.4353061
-0.01923936
0.7465121
0.29196665
0.47037953
0.07609885
0.71143866
0.19662842
0.5306443
0.01583407
0.6511739
0.2568932
0.51960284
0.034497563
0.66221535
0.2382297
0.48904303
0.06505739
0.6927752
0.20766988
0.59659094
0.051136363
0.76704544
0.2215909
0.5262152
-0.01923936
0.8374212
0.29196665
0.5612886
0.07609885
0.8023477
0.19662842
0.6215534
0.01583407
0.74208295
0.2568932
0.61051196
0.034497563
0.7531244
0.2382297
0.5799521
0.06505739
0.78368425
0.20766988
0.6875
0.051136363
0.85795456
0.2215909
0.61712426
-0.01923936
0.92833024
0.29196665
0.6521977
0.07609885
0.89325684
0.19662842
0.7124625
0.01583407
0.8329921
0.2568932
0.701421
0.034497563
0.84403354
0.2382297
0.6708612
0.06505739
0.8745933
0.20766988
0.77840906
0.051136363
0.9488636
0.2215909
0.7080334
-0.01923936
1.0192393
0.29196665
0.7431068
0.07609885
0.9841659
0.19662842
0.8033716
0.01583407
0.92390114
0.2568932
0.7923301
0.034497563
0.9349426
0.2382297
0.7617703
0.06505739
0.96550244
0.20766988
0.8693182
0.051136363
1.0397727
0.2215909
0.79894245
-0.01923936
1.1101484
0.29196665
0.8340159
0.07609885
1.075075
0.19662842
0.8942807
0.01583407
1.0148102
0.2568932
0.8832392
0.034497563
1.0258517
0.2382297
0.8526794
0.06505739
1.0564115
0.20766988
-0.039772727
0.14204545
0.13068181
0.3125
-0.11014845
0.07166973
0.20105754
0.3828757
-0.07507502
0.16700794
0.16598411
0.28753752
-0.014810237
0.106743164
0.10571933
0.34780228
-0.025851704
0.12540665
0.1167608
0.3291388
-0.056411527
0.15596648
0.14732061
0.29857898
0.051136363
0.14204545
0.2215909
0.3125
-0.01923936
0.07166973
0.29196665
0.3828757
0.01583407
0.16700794
0.2568932
0.28753752
0.07609885
0.106743164
0.19662842
0.34780228
0.06505739
0.12540665
0.20766988
0.3291388
0.034497563
0.15596648
0.2382297
0.29857898
0.14204545
0.14204545
0.3125
0.3125
0.07166973
0.07166973
0.3828757
0.3828757
0.106743164
0.16700794
0.34780228
0.28753752
0.16700794
0.106743164
0.28753752
0.34780228
0.15596648
0.12540665
0.29857898
0.3291388
0.12540665
0.15596648
0.3291388
0.29857898
0.23295455
0.14204545
0.4034091
0.3125
0.16257882
0.07166973
0.4737848
0.3828757
0.19765225
0.16700794
0.43871137
0.28753752
0.25791705
0.106743164
0.3784466
0.34780228
0.24687557
0.12540665
0.38948807
0.3291388
0.21631575
0.15596648
0.42004788
0.29857898
0.32386363
0.14204545
0.4943182
0.3125
0.2534879
0.07166973
0.5646939
0.3828757
0.28856134
0.16700794
0.52962047
0.28753752
0.34882614
0.106743164
0.4693557
0.34780228
0.33778465
0.12540665
0.48039716
0.3291388
0.30722484
0.15596648
0.510957
0.29857898
0.41477272
0.14204545
0.58522725
0.3125
0.344397
0.07166973
0.655603
0.3828757
0.37947044
0.16700794
0.6205296
0.28753752
0.4397352
0.106743164
0.56026477
0.34780228
0.42869374
0.12540665
0.5713062
0.3291388
0.39813393
0.15596648
0.60186607
0.29857898
0.5056818
0.14204545
0.6761364
0.3125
0.4353061
0.07166973
0.7465121
0.3828757
0.47037953
0.16700794
0.71143866
0.28753752
0.5306443
0.106743164
0.6511739
0.34780228
0.51960284
0.12540665
0.66221535
0.3291388
0.48904303
0.15596648
0.6927752
0.29857898
0.59659094
0.14204545
0.76704544
0.3125
0.5262152
0.07166973
0.8374212
0.3828757
0.5612886
0.16700794
0.8023477
0.28753752
0.6215534
0.106743164
0.74208295
0.34780228
0.61051196
0.12540665
0.7531244
0.3291388
0.5799521
0.15596648
0.78368425
0.29857898
0.6875
0.14204545
0.85795456
0.3125
0.61712426
0.07166973
0.92833024
0.3828757
0.6521977
0.16700794
0.89325684
0.28753752
0.7124625
0.106743164
0.8329921
0.34780228
0.701421
0.12540665
0.84403354
0.3291388
0.6708612
0.15596648
0.8745933
0.29857898
0.77840906
0.14204545
0.9488636
0.3125
0.7080334
0.07166973
1.0192393
0.3828757
0.7431068
0.16700794
0.9841659
0.28753752
0.8033716
0.106743164
0.92390114
0.34780228
0.7923301
0.12540665
0.9349426
0.3291388
0.7617703
0.15596648
0.96550244
0.29857898
0.8693182
0.14204545
1.0397727
0.3125
0.79894245
0.07166973
1.1101484
0.3828757
0.8340159
0.16700794
1.075075
0.28753752
0.8942807
0.106743164
1.0148102
0.34780228
0.8832392
0.12540665
1.0258517
0.3291388
0.8526794
0.15596648
1.0564115
0.29857898
-0.039772727
0.23295455
0.13068181
0.4034091
-0.11014845
0.16257882
0.20105754
0.4737848
-0.07507502
0.25791705
0.16598411
0.3784466
-0.014810237
0.19765225
0.10571933
0.43871137
-0.025851704
0.21631575
0.1167608
0.42004788
-0.056411527
0.24687557
0.14732061
0.38948807
0.051136363
0.23295455
0.2215909
0.4034091
-0.01923936
0.16257882
0.29196665
0.4737848
0.01583407
0.25791705
0.2568932
0.3784466
0.07609885
0.19765225
0.19662842
0.43871137
0.06505739
0.21631575
0.20766988
0.42004788
0.034497563
0.24687557
0.2382297
0.38948807
0.14204545
0.23295455
0.3125
0.4034091
0.07166973
0.16257882
0.3828757
0.4737848
0.106743164
0.25791705
0.34780228
0.3784466
0.16700794
0.19765225
0.28753752
0.43871137
0.15596648
0.21631575
0.29857898
0.42004788
0.12540665
0.24687557
0.3291388
0.38948807
0.23295455
0.23295455
0.4034091
0.4034091
0.16257882
0.16257882
0.4737848
0.4737848
0.19765225
0.25791705
0.43871137
0.3784466
0.25791705
0.19765225
0.3784466
0.43871137
0.24687557
0.21631575
0.38948807
0.42004788
0.21631575
0.24687557
0.42004788
0.38948807
0.32386363
0.23295455
0.4943182
0.4034091
0.2534879
0.16257882
0.5646939
0.4737848
0.28856134
0.25791705
0.52962047
0.3784466
0.34882614
0.19765225
0.4693557
0.43871137
0.33778465
0.21631575
0.48039716
0.42004788
0.30722484
0.24687557
0.510957
0.38948807
0.41477272
0.23295455
0.58522725
0.4034091
0.344397
0.16257882
0.655603
0.4737848
0.37947044
0.25791705
0.6205296
0.3784466
0.4397352
0.19765225
0.56026477
0.43871137
0.42869374
0.21631575
0.5713062
0.42004788
0.39813393
0.24687557
0.60186607
0.38948807
0.5056818
0.23295455
0.6761364
0.4034091
0.4353061
0.16257882
0.7465121
0.4737848
0.47037953
0.25791705
0.71143866
0.3784466
0.5306443
0.19765225
0.6511739
0.43871137
0.51960284
0.21631575
0.66221535
0.42004788
0.48904303
0.24687557
0.6927752
0.38948807
0.59659094
0.23295455
0.76704544
0.4034091
0.5262152
0.16257882
0.8374212
0.4737848
0.5612886
0.25791705
0.8023477
0.3784466
0.6215534
0.19765225
0.74208295
0.43871137
0.61051196
0.21631575
0.7531244
0.42004788
0.5799521
0.24687557
0.78368425
0.38948807
0.6875
0.23295455
0.85795456
0.4034091
0.61712426
0.16257882
0.92833024
0.4737848
0.6521977
0.25791705
0.89325684
0.3784466
0.7124625
0.19765225
0.8329921
0.43871137
0.701421
0.21631575
0.84403354
0.42004788
0.6708612
0.24687557
0.8745933
0.38948807
0.77840906
0.23295455
0.9488636
0.4034091
0.7080334
0.16257882
1.0192393
0.4737848
0.7431068
0.25791705
0.9841659
0.3784466
0.8033716
0.19765225
0.92390114
0.43871137
0.7923301
0.21631575
0.9349426
0.42004788
0.7617703
0.24687557
0.96550244
0.38948807
0.8693182
0.23295455
1.0397727
0.4034091
0.79894245
0.16257882
1.1101484
0.4737848
0.8340159
0.25791705
1.075075
0.3784466
0.8942807
0.19765225
1.0148102
0.43871137
0.8832392
0.21631575
1.0258517
0.42004788
0.8526794
0.24687557
1.0564115
0.38948807
-0.039772727
0.32386363
0.13068181
0.4943182
-0.11014845
0.2534879
0.20105754
0.5646939
-0.07507502
0.34882614
0.16598411
0.4693557
-0.014810237
0.28856134
0.10571933
0.52962047
-0.025851704
0.30722484
0.1167608
0.510957
-0.056411527
0.33778465
0.14732061
0.48039716
0.051136363
0.32386363
0.2215909
0.4943182
-0.01923936
0.2534879
0.29196665
0.5646939
0.01583407
0.34882614
0.2568932
0.4693557
0.07609885
0.28856134
0.19662842
0.52962047
0.06505739
0.30722484
0.20766988
0.510957
0.034497563
0.33778465
0.2382297
0.48039716
0.14204545
0.32386363
0.3125
0.4943182
0.07166973
0.2534879
0.3828757
0.5646939
0.106743164
0.34882614
0.34780228
0.4693557
0.16700794
0.28856134
0.28753752
0.52962047
0.15596648
0.30722484
0.29857898
0.510957
0.12540665
0.33778465
0.3291388
0.48039716
0.23295455
0.32386363
0.4034091
0.4943182
0.16257882
0.2534879
0.4737848
0.5646939
0.19765225
0.34882614
0.43871137
0.4693557
0.25791705
0.28856134
0.3784466
0.52962047
0.24687557
0.30722484
0.38948807
0.510957
0.21631575
0.33778465
0.42004788
0.48039716
0.32386363
0.32386363
0.4943182
0.4943182
0.2534879
0.2534879
0.5646939
0.5646939
0.28856134
0.34882614
0.52962047
0.4693557
0.34882614
0.28856134
0.4693557
0.52962047
0.33778465
0.30722484
0.48039716
0.510957
0.30722484
0.33778465
0.510957
0.48039716
0.41477272
0.32386363
0.58522725
0.4943182
0.344397
0.2534879
0.655603
0.5646939
0.37947044
0.34882614
0.6205296
0.4693557
0.4397352
0.28856134
0.56026477
0.52962047
0.42869374
0.30722484
0.5713062
0.510957
0.39813393
0.33778465
0.60186607
0.48039716
0.5056818
0.32386363
0.6761364
0.4943182
0.4353061
0.2534879
0.7465121
0.5646939
0.47037953
0.34882614
0.71143866
0.4693557
0.5306443
0.28856134
0.6511739
0.52962047
0.51960284
0.30722484
0.66221535
0.510957
0.48904303
0.33778465
0.6927752
0.48039716
0.59659094
0.32386363
0.76704544
0.4943182
0.5262152
0.2534879
0.8374212
0.5646939
0.5612886
0.34882614
0.8023477
0.4693557
0.6215534
0.28856134
0.74208295
0.52962047
0.61051196
0.30722484
0.7531244
0.510957
0.5799521
0.33778465
0.78368425
0.48039716
0.6875
0.32386363
0.85795456
0.4943182
0.61712426
0.2534879
0.92833024
0.5646939
0.6521977
0.34882614
0.89325684
0.4693557
0.7124625
0.28856134
0.8329921
0.52962047
0.701421
0.30722484
0.84403354
0.510957
0.6708612
0.33778465
0.8745933
0.48039716
0.77840906
0.32386363
0.9488636
0.4943182
0.7080334
0.2534879
1.0192393
0.5646939
0.7431068
0.34882614
0.9841659
0.4693557
0.8033716
0.28856134
0.92390114
0.52962047
0.7923301
0.30722484
0.9349426
0.510957
0.7617703
0.33778465
0.96550244
0.48039716
0.8693182
0.32386363
1.0397727
0.4943182
0.79894245
0.2534879
1.1101484
0.5646939
0.8340159
0.34882614
1.075075
0.4693557
0.8942807
0.28856134
1.0148102
0.52962047
0.8832392
0.30722484
1.0258517
0.510957
0.8526794
0.33778465
1.0564115
0.48039716
-0.039772727
0.41477272
0.13068181
0.58522725
-0.11014845
0.344397
0.20105754
0.655603
-0.07507502
0.4397352
0.16598411
0.56026477
-0.014810237
0.37947044
0.10571933
0.6205296
-0.025851704
0.39813393
0.1167608
0.60186607
-0.056411527
0.42869374
0.14732061
0.5713062
0.051136363
0.41477272
0.2215909
0.58522725
-0.01923936
0.344397
0.29196665
0.655603
0.01583407
0.4397352
0.2568932
0.56026477
0.07609885
0.37947044
0.19662842
0.6205296
0.06505739
0.39813393
0.20766988
0.60186607
0.034497563
0.42869374
0.2382297
0.5713062
0.14204545
0.41477272
0.3125
0.58522725
0.07166973
0.344397
0.3828757
0.655603
0.106743164
0.4397352
0.34780228
0.56026477
0.16700794
0.37947044
0.28753752
0.6205296
0.15596648
0.39813393
0.29857898
0.60186607
0.12540665
0.42869374
0.3291388
0.5713062
0.23295455
0.41477272
0.4034091
0.58522725
0.16257882
0.344397
0.4737848
0.655603
0.19765225
0.4397352
0.43871137
0.56026477
0.25791705
0.37947044
0.3784466
0.6205296
0.24687557
0.39813393
0.38948807
0.60186607
0.21631575
0.42869374
0.42004788
0.5713062
0.32386363
0.41477272
0.4943182
0.58522725
0.2534879
0.344397
0.5646939
0.655603
0.28856134
0.4397352
0.52962047
0.56026477
0.34882614
0.37947044
0.4693557
0.6205296
0.33778465
0.39813393
0.48039716
0.60186607
0.30722484
0.42869374
0.510957
0.5713062
0.41477272
0.41477272
0.58522725
0.58522725
0.344397
0.344397
0.655603
0.655603
0.37947044
0.4397352
0.6205296
0.56026477
0.4397352
0.37947044
0.56026477
0.6205296
0.42869374
0.39813393
0.5713062
0.60186607
0.39813393
0.42869374
0.60186607
0.5713062
0.5056818
0.41477272
0.6761364
0.58522725
0.4353061
0.344397
0.7465121
0.655603
0.47037953
0.4397352
0.71143866
0.56026477
0.5306443
0.37947044
0.6511739
0.6205296
0.51960284
0.39813393
0.66221535
0.60186607
0.48904303
0.42869374
0.6927752
0.5713062
0.59659094
0.41477272
0.76704544
0.58522725
0.5262152
0.344397
0.8374212
0.655603
0.5612886
0.4397352
0.8023477
0.56026477
0.6215534
0.37947044
0.74208295
0.6205296
0.61051196
0.39813393
0.7531244
0.60186607
0.5799521
0.42869374
0.78368425
0.5713062
0.6875
0.41477272
0.85795456
0.58522725
0.61712426
0.344397
0.92833024
0.655603
0.6521977
0.4397352
0.89325684
0.56026477
0.7124625
0.37947044
0.8329921
0.6205296
0.701421
0.39813393
0.84403354
0.60186607
0.6708612
0.42869374
0.8745933
0.5713062
0.77840906
0.41477272
0.9488636
0.58522725
0.7080334
0.344397
1.0192393
0.655603
0.7431068
0.4397352
0.9841659
0.56026477
0.8033716
0.37947044
0.92390114
0.6205296
0.7923301
0.39813393
0.9349426
0.60186607
0.7617703
0.42869374
0.96550244
0.5713062
0.8693182
0.41477272
1.0397727
0.58522725
0.79894245
0.344397
1.1101484
0.655603
0.8340159
0.4397352
1.075075
0.56026477
0.8942807
0.37947044
1.0148102
0.6205296
0.8832392
0.39813393
1.0258517
0.60186607
0.8526794
0.42869374
1.0564115
0.5713062
-0.039772727
0.5056818
0.13068181
0.6761364
-0.11014845
0.4353061
0.20105754
0.7465121
-0.07507502
0.5306443
0.16598411
0.6511739
-0.014810237
0.47037953
0.10571933
0.71143866
-0.025851704
0.48904303
0.1167608
0.6927752
-0.056411527
0.51960284
0.14732061
0.66221535
0.051136363
0.5056818
0.2215909
0.6761364
-0.01923936
0.4353061
0.29196665
0.7465121
0.01583407
0.5306443
0.2568932
0.6511739
0.07609885
0.47037953
0.19662842
0.71143866
0.06505739
0.48904303
0.20766988
0.6927752
0.034497563
0.51960284
0.2382297
0.66221535
0.14204545
0.5056818
0.3125
0.6761364
0.07166973
0.4353061
0.3828757
0.7465121
0.106743164
0.5306443
0.34780228
0.6511739
0.16700794
0.47037953
0.28753752
0.71143866
0.15596648
0.48904303
0.29857898
0.6927752
0.12540665
0.51960284
0.3291388
0.66221535
0.23295455
0.5056818
0.4034091
0.6761364
0.16257882
0.4353061
0.4737848
0.7465121
0.19765225
0.5306443
0.43871137
0.6511739
0.25791705
0.47037953
0.3784466
0.71143866
0.24687557
0.48904303
0.38948807
0.6927752
0.21631575
0.51960284
0.42004788
0.66221535
0.32386363
0.5056818
0.4943182
0.6761364
0.2534879
0.4353061
0.5646939
0.7465121
0.28856134
0.5306443
0.52962047
0.6511739
0.34882614
0.47037953
0.4693557
0.71143866
0.33778465
0.48904303
0.48039716
0.6927752
0.30722484
0.51960284
0.510957
0.66221535
0.41477272
0.5056818
0.58522725
0.6761364
0.344397
0.4353061
0.655603
0.7465121
0.37947044
0.5306443
0.6205296
0.6511739
0.4397352
0.47037953
0.56026477
0.71143866
0.42869374
0.48904303
0.5713062
0.6927752
0.39813393
0.51960284
0.60186607
0.66221535
0.5056818
0.5056818
0.6761364
0.6761364
0.4353061
0.4353061
0.7465121
0.7465121
0.47037953
0.5306443
0.71143866
0.6511739
0.5306443
0.47037953
0.6511739
0.71143866
0.51960284
0.48904303
0.66221535
0.6927752
0.48904303
0.51960284
0.6927752
0.66221535
0.59659094
0.5056818
0.76704544
0.6761364
0.5262152
0.4353061
0.8374212
0.7465121
0.5612886
0.5306443
0.8023477
0.6511739
0.6215534
0.47037953
0.74208295
0.71143866
0.61051196
0.48904303
0.7531244
0.6927752
0.5799521
0.51960284
0.78368425
0.66221535
0.6875
0.5056818
0.85795456
0.6761364
0.61712426
0.4353061
0.92833024
0.7465121
0.6521977
0.5306443
0.89325684
0.6511739
0.7124625
0.47037953
0.8329921
0.71143866
0.701421
0.48904303
0.84403354
0.6927752
0.6708612
0.51960284
0.8745933
0.66221535
0.77840906
0.5056818
0.9488636
0.6761364
0.7080334
0.4353061
1.0192393
0.7465121
0.7431068
0.5306443
0.9841659
0.6511739
0.8033716
0.47037953
0.92390114
0.71143866
0.7923301
0.48904303
0.9349426
0.6927752
0.7617703
0.51960284
0.96550244
0.66221535
0.8693182
0.5056818
1.0397727
0.6761364
0.79894245
0.4353061
1.1101484
0.7465121
0.8340159
0.5306443
1.075075
0.6511739
0.8942807
0.47037953
1.0148102
0.71143866
0.8832392
0.48904303
1.0258517
0.6927752
0.8526794
0.51960284
1.0564115
0.66221535
-0.039772727
0.59659094
0.13068181
0.76704544
-0.11014845
0.5262152
0.20105754
0.8374212
-0.07507502
0.6215534
0.16598411
0.74208295
-0.014810237
0.5612886
0.10571933
0.8023477
-0.025851704
0.5799521
0.1167608
0.78368425
-0.056411527
0.61051196
0.14732061
0.7531244
0.051136363
0.59659094
0.2215909
0.76704544
-0.01923936
0.5262152
0.29196665
0.8374212
0.01583407
0.6215534
0.2568932
0.74208295
0.07609885
0.5612886
0.19662842
0.8023477
0.06505739
0.5799521
0.20766988
0.78368425
0.034497563
0.61051196
0.2382297
0.7531244
0.14204545
0.59659094
0.3125
0.76704544
0.07166973
0.5262152
0.3828757
0.8374212
0.106743164
0.6215534
0.34780228
0.74208295
0.16700794
0.5612886
0.28753752
0.8023477
0.15596648
0.5799521
0.29857898
0.78368425
0.12540665
0.61051196
0.3291388
0.7531244
0.23295455
0.59659094
0.4034091
0.76704544
0.16257882
0.5262152
0.4737848
0.8374212
0.19765225
0.6215534
0.43871137
0.74208295
0.25791705
0.5612886
0.3784466
0.8023477
0.24687557
0.5799521
0.38948807
0.78368425
0.21631575
0.61051196
0.42004788
0.7531244
0.32386363
0.59659094
0.4943182
0.76704544
0.2534879
0.5262152
0.5646939
0.8374212
0.28856134
0.6215534
0.52962047
0.74208295
0.34882614
0.5612886
0.4693557
0.8023477
0.33778465
0.5799521
0.48039716
0.78368425
0.30722484
0.61051196
0.510957
0.7531244
0.41477272
0.59659094
0.58522725
0.76704544
0.344397
0.5262152
0.655603
0.8374212
0.37947044
0.6215534
0.6205296
0.74208295
0.4397352
0.5612886
0.56026477
0.8023477
0.42869374
0.5799521
0.5713062
0.78368425
0.39813393
0.61051196
0.60186607
0.7531244
0.5056818
0.59659094
0.6761364
0.76704544
0.4353061
0.5262152
0.7465121
0.8374212
0.47037953
0.6215534
0.71143866
0.74208295
0.5306443
0.5612886
0.6511739
0.8023477
0.51960284
0.5799521
0.66221535
0.78368425
0.48904303
0.61051196
0.6927752
0.7531244
0.59659094
0.59659094
0.76704544
0.76704544
0.5262152
0.5262152
0.8374212
0.8374212
0.5612886
0.6215534
0.8023477
0.74208295
0.6215534
0.5612886
0.74208295
0.8023477
0.61051196
0.5799521
0.7531244
0.78368425
0.5799521
0.61051196
0.78368425
0.7531244
0.6875
0.59659094
0.85795456
0.76704544
0.61712426
0.5262152
0.92833024
0.8374212
0.6521977
0.6215534
0.89325684
0.74208295
0.7124625
0.5612886
0.8329921
0.8023477
0.701421
0.5799521
0.84403354
0.78368425
0.6708612
0.61051196
0.8745933
0.7531244
0.77840906
0.59659094
0.9488636
0.76704544
0.7080334
0.5262152
1.0192393
0.8374212
0.7431068
0.6215534
0.9841659
0.74208295
0.8033716
0.5612886
0.92390114
0.8023477
0.7923301
0.5799521
0.9349426
0.78368425
0.7617703
0.61051196
0.96550244
0.7531244
0.8693182
0.59659094
1.0397727
0.76704544
0.79894245
0.5262152
1.1101484
0.8374212
0.8340159
0.6215534
1.075075
0.74208295
0.8942807
0.5612886
1.0148102
0.8023477
0.8832392
0.5799521
1.0258517
0.78368425
0.8526794
0.61051196
1.0564115
0.7531244
-0.039772727
0.6875
0.13068181
0.85795456
-0.11014845
0.61712426
0.20105754
0.92833024
-0.07507502
0.7124625
0.16598411
0.8329921
-0.014810237
0.6521977
0.10571933
0.89325684
-0.025851704
0.6708612
0.1167608
0.8745933
-0.056411527
0.701421
0.14732061
0.84403354
0.051136363
0.6875
0.2215909
0.85795456
-0.01923936
0.61712426
0.29196665
0.92833024
0.01583407
0.7124625
0.2568932
0.8329921
0.07609885
0.6521977
0.19662842
0.89325684
0.06505739
0.6708612
0.20766988
0.8745933
0.034497563
0.701421
0.2382297
0.84403354
0.14204545
0.6875
0.3125
0.85795456
0.07166973
0.61712426
0.3828757
0.92833024
0.106743164
0.7124625
0.34780228
0.8329921
0.16700794
0.6521977
0.28753752
0.89325684
0.15596648
0.6708612
0.29857898
0.8745933
0.12540665
0.701421
0.3291388
0.84403354
0.23295455
0.6875
0.4034091
0.85795456
0.16257882
0.61712426
0.4737848
0.92833024
0.19765225
0.7124625
0.43871137
0.8329921
0.25791705
0.6521977
0.3784466
0.89325684
0.24687557
0.6708612
0.38948807
0.8745933
0.21631575
0.701421
0.42004788
0.84403354
0.32386363
0.6875
0.4943182
0.85795456
0.2534879
0.61712426
0.5646939
0.92833024
0.28856134
0.7124625
0.52962047
0.8329921
0.34882614
0.6521977
0.4693557
0.89325684
0.33778465
0.6708612
0.48039716
0.8745933
0.30722484
0.701421
0.510957
0.84403354
0.41477272
0.6875
0.58522725
0.85795456
0.344397
0.61712426
0.655603
0.92833024
0.37947044
0.7124625
0.6205296
0.8329921
0.4397352
0.6521977
0.56026477
0.89325684
0.42869374
0.6708612
0.5713062
0.8745933
0.39813393
0.701421
0.60186607
0.84403354
0.5056818
0.6875
0.6761364
0.85795456
0.4353061
0.61712426
0.7465121
0.92833024
0.47037953
0.7124625
0.71143866
0.8329921
0.5306443
0.6521977
0.6511739
0.89325684
0.51960284
0.6708612
0.66221535
0.8745933
0.48904303
0.701421
0.6927752
0.84403354
0.59659094
0.6875
0.76704544
0.85795456
0.5262152
0.61712426
0.8374212
0.92833024
0.5612886
0.7124625
0.8023477
0.8329921
0.6215534
0.6521977
0.74208295
0.89325684
0.61051196
0.6708612
0.7531244
0.8745933
0.5799521
0.701421
0.78368425
0.84403354
0.6875
0.6875
0.85795456
0.85795456
0.61712426
0.61712426
0.92833024
0.92833024
0.6521977
0.7124625
0.89325684
0.8329921
0.7124625
0.6521977
0.8329921
0.89325684
0.701421
0.6708612
0.84403354
0.8745933
0.6708612
0.701421
0.8745933
0.84403354
0.77840906
0.6875
0.9488636
0.85795456
0.7080334
0.61712426
1.0192393
0.92833024
0.7431068
0.7124625
0.9841659
0.8329921
0.8033716
0.6521977
0.92390114
0.89325684
0.7923301
0.6708612
0.9349426
0.8745933
0.7617703
0.701421
0.96550244
0.84403354
0.8693182
0.6875
1.0397727
0.85795456
0.79894245
0.61712426
1.1101484
0.92833024
0.8340159
0.7124625
1.075075
0.8329921
0.8942807
0.6521977
1.0148102
0.89325684
0.8832392
0.6708612
1.0258517
0.8745933
0.8526794
0.701421
1.0564115
0.84403354
-0.039772727
0.77840906
0.13068181
0.9488636
-0.11014845
0.7080334
0.20105754
1.0192393
-0.07507502
0.8033716
0.16598411
0.92390114
-0.014810237
0.7431068
0.10571933
0.9841659
-0.025851704
0.7617703
0.1167608
0.96550244
-0.056411527
0.7923301
0.14732061
0.9349426
0.051136363
0.77840906
0.2215909
0.9488636
-0.01923936
0.7080334
0.29196665
1.0192393
0.01583407
0.8033716
0.2568932
0.92390114
0.07609885
0.7431068
0.19662842
0.9841659
0.06505739
0.7617703
0.20766988
0.96550244
0.034497563
0.7923301
0.2382297
0.9349426
0.14204545
0.77840906
0.3125
0.9488636
0.07166973
0.7080334
0.3828757
1.0192393
0.106743164
0.8033716
0.34780228
0.92390114
0.16700794
0.7431068
0.28753752
0.9841659
0.15596648
0.7617703
0.29857898
0.96550244
0.12540665
0.7923301
0.3291388
0.9349426
0.23295455
0.77840906
0.4034091
0.9488636
0.16257882
0.7080334
0.4737848
1.0192393
0.19765225
0.8033716
0.43871137
0.92390114
0.25791705
0.7431068
0.3784466
0.9841659
0.24687557
0.7617703
0.38948807
0.96550244
0.21631575
0.7923301
0.42004788
0.9349426
0.32386363
0.77840906
0.4943182
0.9488636
0.2534879
0.7080334
0.5646939
1.0192393
0.28856134
0.8033716
0.52962047
0.92390114
0.34882614
0.7431068
0.4693557
0.9841659
0.33778465
0.7617703
0.48039716
0.96550244
0.30722484
0.7923301
0.510957
0.9349426
0.41477272
0.77840906
0.58522725
0.9488636
0.344397
0.7080334
0.655603
1.0192393
0.37947044
0.8033716
0.6205296
0.92390114
0.4397352
0.7431068
0.56026477
0.9841659
0.42869374
0.7617703
0.5713062
0.96550244
0.39813393
0.7923301
0.60186607
0.9349426
0.5056818
0.77840906
0.6761364
0.9488636
0.4353061
0.7080334
0.7465121
1.0192393
0.47037953
0.8033716
0.71143866
0.92390114
0.5306443
0.7431068
0.6511739
0.9841659
0.51960284
0.7617703
0.66221535
0.96550244
0.48904303
0.7923301
0.6927752
0.9349426
0.59659094
0.77840906
0.76704544
0.9488636
0.5262152
0.7080334
0.8374212
1.0192393
0.5612886
0.8033716
0.8023477
0.92390114
0.6215534
0.7431068
0.74208295
0.9841659
0.61051196
0.7617703
0.7531244
0.96550244
0.5799521
0.7923301
0.78368425
0.9349426
0.6875
0.77840906
0.85795456
0.9488636
0.61712426
0.7080334
0.92833024
1.0192393
0.6521977
0.8033716
0.89325684
0.92390114
0.7124625
0.7431068
0.8329921
0.9841659
0.701421
0.7617703
0.84403354
0.96550244
0.6708612
0.7923301
0.8745933
0.9349426
0.77840906
0.77840906
0.9488636
0.9488636
0.7080334
0.7080334
1.0192393
1.0192393
0.7431068
0.8033716
0.9841659
0.92390114
0.8033716
0.7431068
0.92390114
0.9841659
0.7923301
0.7617703
0.9349426
0.96550244
0.7617703
0.7923301
0.96550244
0.9349426
0.8693182
0.77840906
1.0397727
0.9488636
0.79894245
0.7080334
1.1101484
1.0192393
0.8340159
0.8033716
1.075075
0.92390114
0.8942807
0.7431068
1.0148102
0.9841659
0.8832392
0.7617703
1.0258517
0.96550244
0.8526794
0.7923301
1.0564115
0.9349426
-0.039772727
0.8693182
0.13068181
1.0397727
-0.11014845
0.79894245
0.20105754
1.1101484
-0.07507502
0.8942807
0.16598411
1.0148102
-0.014810237
0.8340159
0.10571933
1.075075
-0.025851704
0.8526794
0.1167608
1.0564115
-0.056411527
0.8832392
0.14732061
1.0258517
0.051136363
0.8693182
0.2215909
1.0397727
-0.01923936
0.79894245
0.29196665
1.1101484
0.01583407
0.8942807
0.2568932
1.0148102
0.07609885
0.8340159
0.19662842
1.075075
0.06505739
0.8526794
0.20766988
1.0564115
0.034497563
0.8832392
0.2382297
1.0258517
0.14204545
0.8693182
0.3125
1.0397727
0.07166973
0.79894245
0.3828757
1.1101484
0.106743164
0.8942807
0.34780228
1.0148102
0.16700794
0.8340159
0.28753752
1.075075
0.15596648
0.8526794
0.29857898
1.0564115
0.12540665
0.8832392
0.3291388
1.0258517
0.23295455
0.8693182
0.4034091
1.0397727
0.16257882
0.79894245
0.4737848
1.1101484
0.19765225
0.8942807
0.43871137
1.0148102
0.25791705
0.8340159
0.3784466
1.075075
0.24687557
0.8526794
0.38948807
1.0564115
0.21631575
0.8832392
0.42004788
1.0258517
0.32386363
0.8693182
0.4943182
1.0397727
0.2534879
0.79894245
0.5646939
1.1101484
0.28856134
0.8942807
0.52962047
1.0148102
0.34882614
0.8340159
0.4693557
1.075075
0.33778465
0.8526794
0.48039716
1.0564115
0.30722484
0.8832392
0.510957
1.0258517
0.41477272
0.8693182
0.58522725
1.0397727
0.344397
0.79894245
0.655603
1.1101484
0.37947044
0.8942807
0.6205296
1.0148102
0.4397352
0.8340159
0.56026477
1.075075
0.42869374
0.8526794
0.5713062
1.0564115
0.39813393
0.8832392
0.60186607
1.0258517
0.5056818
0.8693182
0.6761364
1.0397727
0.4353061
0.79894245
0.7465121
1.1101484
0.47037953
0.8942807
0.71143866
1.0148102
0.5306443
0.8340159
0.6511739
1.075075
0.51960284
0.8526794
0.66221535
1.0564115
0.48904303
0.8832392
0.6927752
1.0258517
0.59659094
0.8693182
0.76704544
1.0397727
0.5262152
0.79894245
0.8374212
1.1101484
0.5612886
0.8942807
0.8023477
1.0148102
0.6215534
0.8340159
0.74208295
1.075075
0.61051196
0.8526794
0.7531244
1.0564115
0.5799521
0.8832392
0.78368425
1.0258517
0.6875
0.8693182
0.85795456
1.0397727
0.61712426
0.79894245
0.92833024
1.1101484
0.6521977
0.8942807
0.89325684
1.0148102
0.7124625
0.8340159
0.8329921
1.075075
0.701421
0.8526794
0.84403354
1.0564115
0.6708612
0.8832392
0.8745933
1.0258517
0.77840906
0.8693182
0.9488636
1.0397727
0.7080334
0.79894245
1.0192393
1.1101484
0.7431068
0.8942807
0.9841659
1.0148102
0.8033716
0.8340159
0.92390114
1.075075
0.7923301
0.8526794
0.9349426
1.0564115
0.7617703
0.8832392
0.96550244
1.0258517
0.8693182
0.8693182
1.0397727
1.0397727
0.79894245
0.79894245
1.1101484
1.1101484
0.8340159
0.8942807
1.075075
1.0148102
0.8942807
0.8340159
1.0148102
1.075075
0.8832392
0.8526794
1.0258517
1.0564115
0.8526794
0.8832392
1.0564115
1.0258517
-0.23863636
-0.23863636
0.32954547
0.32954547
-0.3138952
-0.3138952
0.40480426
0.40480426
-0.35631067
-0.15542807
0.44721976
0.24633716
-0.15542807
-0.35631067
0.24633716
0.44721976
-0.19223295
-0.29409906
0.28314206
0.38500813
-0.29409906
-0.19223295
0.38500813
0.28314206
-0.14772727
-0.23863636
0.42045453
0.32954547
-0.22298609
-0.3138952
0.49571335
0.40480426
-0.26540157
-0.15542807
0.53812885
0.24633716
-0.06451897
-0.35631067
0.33724624
0.44721976
-0.101323865
-0.29409906
0.37405112
0.38500813
-0.20318995
-0.19223295
0.47591722
0.28314206
-0.056818184
-0.23863636
0.5113636
0.32954547
-0.132077
-0.3138952
0.5866225
0.40480426
-0.1744925
-0.15542807
0.6290379
0.24633716
0.026390119
-0.35631067
0.42815533
0.44721976
-0.010414774
-0.29409906
0.46496022
0.38500813
-0.11228087
-0.19223295
0.56682634
0.28314206
0.03409091
-0.23863636
0.60227275
0.32954547
-0.04116791
-0.3138952
0.67753154
0.40480426
-0.0835834
-0.15542807
0.71994704
0.24633716
0.11729921
-0.35631067
0.5190644
0.44721976
0.080494314
-0.29409906
0.55586934
0.38500813
-0.021371776
-0.19223295
0.6577354
0.28314206
0.125
-0.23863636
0.6931818
0.32954547
0.049741182
-0.3138952
0.76844066
0.40480426
0.0073256926
-0.15542807
0.8108561
0.24633716
0.20820831
-0.35631067
0.6099735
0.44721976
0.17140341
-0.29409906
0.6467784
0.38500813
0.06953731
-0.19223295
0.74864453
0.28314206
0.2159091
-0.23863636
0.78409094
0.32954547
0.14065027
-0.3138952
0.8593497
0.40480426
0.09823478
-0.15542807
0.9017652
0.24633716
0.2991174
-0.35631067
0.7008826
0.44721976
0.2623125
-0.29409906
0.7376875
0.38500813
0.1604464
-0.19223295
0.8395536
0.28314206
0.3068182
-0.23863636
0.875
0.32954547
0.23155937
-0.3138952
0.9502588
0.40480426
0.18914388
-0.15542807
0.9926743
0.24633716
0.39002648
-0.35631067
0.7917917
0.44721976
0.3532216
-0.29409906
0.8285966
0.38500813
0.2513555
-0.19223295
0.93046266
0.28314206
0.39772728
-0.23863636
0.96590906
0.32954547
0.32246846
-0.3138952
1.0411679
0.40480426
0.28005296
-0.15542807
1.0835834
0.24633716
0.48093557
-0.35631067
0.8827008
0.44721976
0.4441307
-0.29409906
0.91950566
0.38500813
0.3422646
-0.19223295
1.0213717
0.28314206
0.48863637
-0.23863636
1.0568181
0.32954547
0.41337755
-0.3138952
1.132077
0.40480426
0.37096205
-0.15542807
1.1744925
0.24633716
0.57184464
-0.35631067
0.97360986
0.44721976
0.5350398
-0.29409906
1.0104147
0.38500813
0.4331737
-0.19223295
1.1122808
0.28314206
0.57954544
-0.23863636
1.1477273
0.32954547
0.50428665
-0.3138952
1.2229861
0.40480426
0.46187115
-0.15542807
1.2654016
0.24633716
0.66275376
-0.35631067
1.0645189
0.44721976
0.62594885
-0.29409906
1.1013238
0.38500813
0.5240828
-0.19223295
1.20319
0.28314206
0.67045456
-0.23863636
1.2386364
0.32954547
0.5951957
-0.3138952
1.3138952
0.40480426
0.5527802
-0.15542807
1.3563107
0.24633716
0.7536628
-0.35631067
1.155428
0.44721976
0.71685797
-0.29409906
1.192233
0.38500813
0.61499184
-0.19223295
1.2940991
0.28314206
-0.23863636
-0.14772727
0.32954547
0.42045453
-0.3138952
-0.22298609
0.40480426
0.49571335
-0.35631067
-0.06451897
0.44721976
0.33724624
-0.15542807
-0.26540157
0.24633716
0.53812885
-0.19223295
-0.20318995
0.28314206
0.47591722
-0.29409906
-0.101323865
0.38500813
0.37405112
-0.14772727
-0.14772727
0.42045453
0.42045453
-0.22298609
-0.22298609
0.49571335
0.49571335
-0.26540157
-0.06451897
0.53812885
0.33724624
-0.06451897
-0.26540157
0.33724624
0.53812885
-0.101323865
-0.20318995
0.37405112
0.47591722
-0.20318995
-0.101323865
0.47591722
0.37405112
-0.056818184
-0.14772727
0.5113636
0.42045453
-0.132077
-0.22298609
0.5866225
0.49571335
-0.1744925
-0.06451897
0.6290379
0.33724624
0.026390119
-0.26540157
0.42815533
0.53812885
-0.010414774
-0.20318995
0.46496022
0.47591722
-0.11228087
-0.101323865
0.56682634
0.37405112
0.03409091
-0.14772727
0.60227275
0.42045453
-0.04116791
-0.22298609
0.67753154
0.49571335
-0.0835834
-0.06451897
0.71994704
0.33724624
0.11729921
-0.26540157
0.5190644
0.53812885
0.080494314
-0.20318995
0.55586934
0.47591722
-0.021371776
-0.101323865
0.6577354
0.37405112
0.125
-0.14772727
0.6931818
0.42045453
0.049741182
-0.22298609
0.76844066
0.49571335
0.0073256926
-0.06451897
0.8108561
0.33724624
0.20820831
-0.26540157
0.6099735
0.53812885
0.17140341
-0.20318995
0.6467784
0.47591722
0.06953731
-0.101323865
0.74864453
0.37405112
0.2159091
-0.14772727
0.78409094
0.42045453
0.14065027
-0.22298609
0.8593497
0.49571335
0.09823478
-0.06451897
0.9017652
0.33724624
0.2991174
-0.26540157
0.7008826
0.53812885
0.2623125
-0.20318995
0.7376875
0.47591722
0.1604464
-0.101323865
0.8395536
0.37405112
0.3068182
-0.14772727
0.875
0.42045453
0.23155937
-0.22298609
0.9502588
0.49571335
0.18914388
-0.06451897
0.9926743
0.33724624
0.39002648
-0.26540157
0.7917917
0.53812885
0.3532216
-0.20318995
0.8285966
0.47591722
0.2513555
-0.101323865
0.93046266
0.37405112
0.39772728
-0.14772727
0.96590906
0.42045453
0.32246846
-0.22298609
1.0411679
0.49571335
0.28005296
-0.06451897
1.0835834
0.33724624
0.48093557
-0.26540157
0.8827008
0.53812885
0.4441307
-0.20318995
0.91950566
0.47591722
0.3422646
-0.101323865
1.0213717
0.37405112
0.48863637
-0.14772727
1.0568181
0.42045453
0.41337755
-0.22298609
1.132077
0.49571335
0.37096205
-0.06451897
1.1744925
0.33724624
0.57184464
-0.26540157
0.97360986
0.53812885
0.5350398
-0.20318995
1.0104147
0.47591722
0.4331737
-0.101323865
1.1122808
0.37405112
0.57954544
-0.14772727
1.1477273
0.42045453
0.50428665
-0.22298609
1.2229861
0.49571335
0.46187115
-0.06451897
1.2654016
0.33724624
0.66275376
-0.26540157
1.0645189
0.53812885
0.62594885
-0.20318995
1.1013238
0.47591722
0.5240828
-0.101323865
1.20319
0.37405112
0.67045456
-0.14772727
1.2386364
0.42045453
0.5951957
-0.22298609
1.3138952
0.49571335
0.5527802
-0.06451897
1.3563107
0.33724624
0.7536628
-0.26540157
1.155428
0.53812885
0.71685797
-0.20318995
1.192233
0.47591722
0.61499184
-0.101323865
1.2940991
0.37405112
-0.23863636
-0.056818184
0.32954547
0.5113636
-0.3138952
-0.132077
0.40480426
0.5866225
-0.35631067
0.026390119
0.44721976
0.42815533
-0.15542807
-0.1744925
0.24633716
0.6290379
-0.19223295
-0.11228087
0.28314206
0.56682634
-0.29409906
-0.010414774
0.38500813
0.46496022
-0.14772727
-0.056818184
0.42045453
0.5113636
-0.22298609
-0.132077
0.49571335
0.5866225
-0.26540157
0.026390119
0.53812885
0.42815533
-0.06451897
-0.1744925
0.33724624
0.6290379
-0.101323865
-0.11228087
0.37405112
0.56682634
-0.20318995
-0.010414774
0.47591722
0.46496022
-0.056818184
-0.056818184
0.5113636
0.5113636
-0.132077
-0.132077
0.5866225
0.5866225
-0.1744925
0.026390119
0.6290379
0.42815533
0.026390119
-0.1744925
0.42815533
0.6290379
-0.010414774
-0.11228087
0.46496022
0.56682634
-0.11228087
-0.010414774
0.56682634
0.46496022
0.03409091
-0.056818184
0.60227275
0.5113636
-0.04116791
-0.132077
0.67753154
0.5866225
-0.0835834
0.026390119
0.71994704
0.42815533
0.11729921
-0.1744925
0.5190644
0.6290379
0.080494314
-0.11228087
0.55586934
0.56682634
-0.021371776
-0.010414774
0.6577354
0.46496022
0.125
-0.056818184
0.6931818
0.5113636
0.049741182
-0.132077
0.76844066
0.5866225
0.0073256926
0.026390119
0.8108561
0.42815533
0.20820831
-0.1744925
0.6099735
0.6290379
0.17140341
-0.11228087
0.6467784
0.56682634
0.06953731
-0.010414774
0.74864453
0.46496022
0.2159091
-0.056818184
0.78409094
0.5113636
0.14065027
-0.132077
0.8593497
0.5866225
0.09823478
0.026390119
0.9017652
0.42815533
0.2991174
-0.1744925
0.7008826
0.6290379
0.2623125
-0.11228087
0.7376875
0.56682634
0.1604464
-0.010414774
0.8395536
0.46496022
0.3068182
-0.056818184
0.875
0.5113636
0.23155937
-0.132077
0.9502588
0.5866225
0.18914388
0.026390119
0.9926743
0.42815533
0.39002648
-0.1744925
0.7917917
0.6290379
0.3532216
-0.11228087
0.8285966
0.56682634
0.2513555
-0.010414774
0.93046266
0.46496022
0.39772728
-0.056818184
0.96590906
0.5113636
0.32246846
-0.132077
1.0411679
0.5866225
0.28005296
0.026390119
1.0835834
0.42815533
0.48093557
-0.1744925
0.8827008
0.6290379
0.4441307
-0.11228087
0.91950566
0.56682634
0.3422646
-0.010414774
1.0213717
0.46496022
0.48863637
-0.056818184
1.0568181
0.5113636
0.41337755
-0.132077
1.132077
0.5866225
0.37096205
0.026390119
1.1744925
0.42815533
0.57184464
-0.1744925
0.97360986
0.6290379
0.5350398
-0.11228087
1.0104147
0.56682634
0.4331737
-0.010414774
1.1122808
0.46496022
0.57954544
-0.056818184
1.1477273
0.5113636
0.50428665
-0.132077
1.2229861
0.5866225
0.46187115
0.026390119
1.2654016
0.42815533
0.66275376
-0.1744925
1.0645189
0.6290379
0.62594885
-0.11228087
1.1013238
0.56682634
0.5240828
-0.010414774
1.20319
0.46496022
0.67045456
-0.056818184
1.2386364
0.5113636
0.5951957
-0.132077
1.3138952
0.5866225
0.5527802
0.026390119
1.3563107
0.42815533
0.7536628
-0.1744925
1.155428
0.6290379
0.71685797
-0.11228087
1.192233
0.56682634
0.61499184
-0.010414774
1.2940991
0.46496022
-0.23863636
0.03409091
0.32954547
0.60227275
-0.3138952
-0.04116791
0.40480426
0.67753154
-0.35631067
0.11729921
0.44721976
0.5190644
-0.15542807
-0.0835834
0.24633716
0.71994704
-0.19223295
-0.021371776
0.28314206
0.6577354
-0.29409906
0.080494314
0.38500813
0.55586934
-0.14772727
0.03409091
0.42045453
0.60227275
-0.22298609
-0.04116791
0.49571335
0.67753154
-0.26540157
0.11729921
0.53812885
0.5190644
-0.06451897
-0.0835834
0.33724624
0.71994704
-0.101323865
-0.021371776
0.37405112
0.6577354
-0.20318995
0.080494314
0.47591722
0.55586934
-0.056818184
0.03409091
0.5113636
0.60227275
-0.132077
-0.04116791
0.5866225
0.67753154
-0.1744925
0.11729921
0.6290379
0.5190644
0.026390119
-0.0835834
0.42815533
0.71994704
-0.010414774
-0.021371776
0.46496022
0.6577354
-0.11228087
0.080494314
0.56682634
0.55586934
0.03409091
0.03409091
0.60227275
0.60227275
-0.04116791
-0.04116791
0.67753154
0.67753154
-0.0835834
0.11729921
0.71994704
0.5190644
0.11729921
-0.0835834
0.5190644
0.71994704
0.080494314
-0.021371776
0.55586934
0.6577354
-0.021371776
0.080494314
0.6577354
0.55586934
0.125
0.03409091
0.6931818
0.60227275
0.049741182
-0.04116791
0.76844066
0.67753154
0.0073256926
0.11729921
0.8108561
0.5190644
0.20820831
-0.0835834
0.6099735
0.71994704
0.17140341
-0.021371776
0.6467784
0.6577354
0.06953731
0.080494314
0.74864453
0.55586934
0.2159091
0.03409091
0.78409094
0.60227275
0.14065027
-0.04116791
0.8593497
0.67753154
0.09823478
0.11729921
0.9017652
0.5190644
0.2991174
-0.0835834
0.7008826
0.71994704
0.2623125
-0.021371776
0.7376875
0.6577354
0.1604464
0.080494314
0.8395536
0.55586934
0.3068182
0.03409091
0.875
0.60227275
0.23155937
-0.04116791
0.9502588
0.67753154
0.18914388
0.11729921
0.9926743
0.5190644
0.39002648
-0.0835834
0.7917917
0.71994704
0.3532216
-0.021371776
0.8285966
0.6577354
0.2513555
0.080494314
0.93046266
0.55586934
0.39772728
0.03409091
0.96590906
0.60227275
0.32246846
-0.04116791
1.0411679
0.67753154
0.28005296
0.11729921
1.0835834
0.5190644
0.48093557
-0.0835834
0.8827008
0.71994704
0.4441307
-0.021371776
0.91950566
0.6577354
0.3422646
0.080494314
1.0213717
0.55586934
0.48863637
0.03409091
1.0568181
0.60227275
0.41337755
-0.04116791
1.132077
0.67753154
0.37096205
0.11729921
1.1744925
0.5190644
0.57184464
-0.0835834
0.97360986
0.71994704
0.5350398
-0.021371776
1.0104147
0.6577354
0.4331737
0.080494314
1.1122808
0.55586934
0.57954544
0.03409091
1.1477273
0.60227275
0.50428665
-0.04116791
1.2229861
0.67753154
0.46187115
0.11729921
1.2654016
0.5190644
0.66275376
-0.0835834
1.0645189
0.71994704
0.62594885
-0.021371776
1.1013238
0.6577354
0.5240828
0.080494314
1.20319
0.55586934
0.67045456
0.03409091
1.2386364
0.60227275
0.5951957
-0.04116791
1.3138952
0.67753154
0.5527802
0.11729921
1.3563107
0.5190644
0.7536628
-0.0835834
1.155428
0.71994704
0.71685797
-0.021371776
1.192233
0.6577354
0.61499184
0.080494314
1.2940991
0.55586934
-0.23863636
0.125
0.32954547
0.6931818
-0.3138952
0.049741182
0.40480426
0.76844066
-0.35631067
0.20820831
0.44721976
0.6099735
-0.15542807
0.0073256926
0.24633716
0.8108561
-0.19223295
0.06953731
0.28314206
0.74864453
-0.29409906
0.17140341
0.38500813
0.6467784
-0.14772727
0.125
0.42045453
0.6931818
-0.22298609
0.049741182
0.49571335
0.76844066
-0.26540157
0.20820831
0.53812885
0.6099735
-0.06451897
0.0073256926
0.33724624
0.8108561
-0.101323865
0.06953731
0.37405112
0.74864453
-0.20318995
0.17140341
0.47591722
0.6467784
-0.056818184
0.125
0.5113636
0.6931818
-0.132077
0.049741182
0.5866225
0.76844066
-0.1744925
0.20820831
0.6290379
0.6099735
0.026390119
0.0073256926
0.42815533
0.8108561
-0.010414774
0.06953731
0.46496022
0.74864453
-0.11228087
0.17140341
0.56682634
0.6467784
0.03409091
0.125
0.60227275
0.6931818
-0.04116791
0.049741182
0.67753154
0.76844066
-0.0835834
0.20820831
0.71994704
0.6099735
0.11729921
0.0073256926
0.5190644
0.8108561
0.080494314
0.06953731
0.55586934
0.74864453
-0.021371776
0.17140341
0.6577354
0.6467784
0.125
0.125
0.6931818
0.6931818
0.049741182
0.049741182
0.76844066
0.76844066
0.0073256926
0.20820831
0.8108561
0.6099735
0.20820831
0.0073256926
0.6099735
0.8108561
0.17140341
0.06953731
0.6467784
0.74864453
0.06953731
0.17140341
0.74864453
0.6467784
0.2159091
0.125
0.78409094
0.6931818
0.14065027
0.049741182
0.8593497
0.76844066
0.09823478
0.20820831
0.9017652
0.6099735
0.2991174
0.0073256926
0.7008826
0.8108561
0.2623125
0.06953731
0.7376875
0.74864453
0.1604464
0.17140341
0.8395536
0.6467784
0.3068182
0.125
0.875
0.6931818
0.23155937
0.049741182
0.9502588
0.76844066
0.18914388
0.20820831
0.9926743
0.6099735
0.39002648
0.0073256926
0.7917917
0.8108561
0.3532216
0.06953731
0.8285966
0.74864453
0.2513555
0.17140341
0.93046266
0.6467784
0.39772728
0.125
0.96590906
0.6931818
0.32246846
0.049741182
1.0411679
0.76844066
0.28005296
0.20820831
1.0835834
0.6099735
0.48093557
0.0073256926
0.8827008
0.8108561
0.4441307
0.06953731
0.91950566
0.74864453
0.3422646
0.17140341
1.0213717
0.6467784
0.48863637
0.125
1.0568181
0.6931818
0.41337755
0.049741182
1.132077
0.76844066
0.37096205
0.20820831
1.1744925
0.6099735
0.57184464
0.0073256926
0.97360986
0.8108561
0.5350398
0.06953731
1.0104147
0.74864453
0.4331737
0.17140341
1.1122808
0.6467784
0.57954544
0.125
1.1477273
0.6931818
0.50428665
0.049741182
1.2229861
0.76844066
0.46187115
0.20820831
1.2654016
0.6099735
0.66275376
0.0073256926
1.0645189
0.8108561
0.62594885
0.06953731
1.1013238
0.74864453
0.5240828
0.17140341
1.20319
0.6467784
0.67045456
0.125
1.2386364
0.6931818
0.5951957
0.049741182
1.3138952
0.76844066
0.5527802
0.20820831
1.3563107
0.6099735
0.7536628
0.0073256926
1.155428
0.8108561
0.71685797
0.06953731
1.192233
0.74864453
0.61499184
0.17140341
1.2940991
0.6467784
-0.23863636
0.2159091
0.32954547
0.78409094
-0.3138952
0.14065027
0.40480426
0.8593497
-0.35631067
0.2991174
0.44721976
0.7008826
-0.15542807
0.09823478
0.24633716
0.9017652
-0.19223295
0.1604464
0.28314206
0.8395536
-0.29409906
0.2623125
0.38500813
0.7376875
-0.14772727
0.2159091
0.42045453
0.78409094
-0.22298609
0.14065027
0.49571335
0.8593497
-0.26540157
0.2991174
0.53812885
0.7008826
-0.06451897
0.09823478
0.33724624
0.9017652
-0.101323865
0.1604464
0.37405112
0.8395536
-0.20318995
0.2623125
0.47591722
0.7376875
-0.056818184
0.2159091
0.5113636
0.78409094
-0.132077
0.14065027
0.5866225
0.8593497
-0.1744925
0.2991174
0.6290379
0.7008826
0.026390119
0.09823478
0.42815533
0.9017652
-0.010414774
0.1604464
0.46496022
0.8395536
-0.11228087
0.2623125
0.56682634
0.7376875
0.03409091
0.2159091
0.60227275
0.78409094
-0.04116791
0.14065027
0.67753154
0.8593497
-0.0835834
0.2991174
0.71994704
0.7008826
0.11729921
0.09823478
0.5190644
0.9017652
0.080494314
0.1604464
0.55586934
0.8395536
-0.021371776
0.2623125
0.6577354
0.7376875
0.125
0.2159091
0.6931818
0.78409094
0.049741182
0.14065027
0.76844066
0.8593497
0.0073256926
0.2991174
0.8108561
0.7008826
0.20820831
0.09823478
0.6099735
0.9017652
0.17140341
0.1604464
0.6467784
0.8395536
0.06953731
0.2623125
0.74864453
0.7376875
0.2159091
0.2159091
0.78409094
0.78409094
0.14065027
0.14065027
0.8593497
0.8593497
0.09823478
0.2991174
0.9017652
0.7008826
0.2991174
0.09823478
0.7008826
0.9017652
0.2623125
0.1604464
0.7376875
0.8395536
0.1604464
0.2623125
0.8395536
0.7376875
0.3068182
0.2159091
0.875
0.78409094
0.23155937
0.14065027
0.9502588
0.8593497
0.18914388
0.2991174
0.9926743
0.7008826
0.39002648
0.09823478
0.7917917
0.9017652
0.3532216
0.1604464
0.8285966
0.8395536
0.2513555
0.2623125
0.93046266
0.7376875
0.39772728
0.2159091
0.96590906
0.78409094
0.32246846
0.14065027
1.0411679
0.8593497
0.28005296
0.2991174
1.0835834
0.7008826
0.48093557
0.09823478
0.8827008
0.9017652
0.4441307
0.1604464
0.91950566
0.8395536
0.3422646
0.2623125
1.0213717
0.7376875
0.48863637
0.2159091
1.0568181
0.78409094
0.41337755
0.14065027
1.132077
0.8593497
0.37096205
0.2991174
1.1744925
0.7008826
0.57184464
0.09823478
0.97360986
0.9017652
0.5350398
0.1604464
1.0104147
0.8395536
0.4331737
0.2623125
1.1122808
0.7376875
0.57954544
0.2159091
1.1477273
0.78409094
0.50428665
0.14065027
1.2229861
0.8593497
0.46187115
0.2991174
1.2654016
0.7008826
0.66275376
0.09823478
1.0645189
0.9017652
0.62594885
0.1604464
1.1013238
0.8395536
0.5240828
0.2623125
1.20319
0.7376875
0.67045456
0.2159091
1.2386364
0.78409094
0.5951957
0.14065027
1.3138952
0.8593497
0.5527802
0.2991174
1.3563107
0.7008826
0.7536628
0.09823478
1.155428
0.9017652
0.71685797
0.1604464
1.192233
0.8395536
0.61499184
0.2623125
1.2940991
0.7376875
-0.23863636
0.3068182
0.32954547
0.875
-0.3138952
0.23155937
0.40480426
0.9502588
-0.35631067
0.39002648
0.44721976
0.7917917
-0.15542807
0.18914388
0.24633716
0.9926743
-0.19223295
0.2513555
0.28314206
0.93046266
-0.29409906
0.3532216
0.38500813
0.8285966
-0.14772727
0.3068182
0.42045453
0.875
-0.22298609
0.23155937
0.49571335
0.9502588
-0.26540157
0.39002648
0.53812885
0.7917917
-0.06451897
0.18914388
0.33724624
0.9926743
-0.101323865
0.2513555
0.37405112
0.93046266
-0.20318995
0.3532216
0.47591722
0.8285966
-0.056818184
0.3068182
0.5113636
0.875
-0.132077
0.23155937
0.5866225
0.9502588
-0.1744925
0.39002648
0.6290379
0.7917917
0.026390119
0.18914388
0.42815533
0.9926743
-0.010414774
0.2513555
0.46496022
0.93046266
-0.11228087
0.3532216
0.56682634
0.8285966
0.03409091
0.3068182
0.60227275
0.875
-0.04116791
0.23155937
0.67753154
0.9502588
-0.0835834
0.39002648
0.71994704
0.7917917
0.11729921
0.18914388
0.5190644
0.9926743
0.080494314
0.2513555
0.55586934
0.93046266
-0.021371776
0.3532216
0.6577354
0.8285966
0.125
0.3068182
0.6931818
0.875
0.049741182
0.23155937
0.76844066
0.9502588
0.0073256926
0.39002648
0.8108561
0.7917917
0.20820831
0.18914388
0.6099735
0.9926743
0.17140341
0.2513555
0.6467784
0.93046266
0.06953731
0.3532216
0.74864453
0.8285966
0.2159091
0.3068182
0.78409094
0.875
0.14065027
0.23155937
0.8593497
0.9502588
0.09823478
0.39002648
0.9017652
0.7917917
0.2991174
0.18914388
0.7008826
0.9926743
0.2623125
0.2513555
0.7376875
0.93046266
0.1604464
0.3532216
0.8395536
0.8285966
0.3068182
0.3068182
0.875
0.875
0.23155937
0.23155937
0.9502588
0.9502588
0.18914388
0.39002648
0.9926743
0.7917917
0.39002648
0.18914388
0.7917917
0.9926743
0.3532216
0.2513555
0.8285966
0.93046266
0.2513555
0.3532216
0.93046266
0.8285966
0.39772728
0.3068182
0.96590906
0.875
0.32246846
0.23155937
1.0411679
0.9502588
0.28005296
0.39002648
1.0835834
0.7917917
0.48093557
0.18914388
0.8827008
0.9926743
0.4441307
0.2513555
0.91950566
0.93046266
0.3422646
0.3532216
1.0213717
0.8285966
0.48863637
0.3068182
1.0568181
0.875
0.41337755
0.23155937
1.132077
0.9502588
0.37096205
0.39002648
1.1744925
0.7917917
0.57184464
0.18914388
0.97360986
0.9926743
0.5350398
0.2513555
1.0104147
0.93046266
0.4331737
0.3532216
1.1122808
0.8285966
0.57954544
0.3068182
1.1477273
0.875
0.50428665
0.23155937
1.2229861
0.9502588
0.46187115
0.39002648
1.2654016
0.7917917
0.66275376
0.18914388
1.0645189
0.9926743
0.62594885
0.2513555
1.1013238
0.93046266
0.5240828
0.3532216
1.20319
0.8285966
0.67045456
0.3068182
1.2386364
0.875
0.5951957
0.23155937
1.3138952
0.9502588
0.5527802
0.39002648
1.3563107
0.7917917
0.7536628
0.18914388
1.155428
0.9926743
0.71685797
0.2513555
1.192233
0.93046266
0.61499184
0.3532216
1.2940991
0.8285966
-0.23863636
0.39772728
0.32954547
0.96590906
-0.3138952
0.32246846
0.40480426
1.0411679
-0.35631067
0.48093557
0.44721976
0.8827008
-0.15542807
0.28005296
0.24633716
1.0835834
-0.19223295
0.3422646
0.28314206
1.0213717
-0.29409906
0.4441307
0.38500813
0.91950566
-0.14772727
0.39772728
0.42045453
0.96590906
-0.22298609
0.32246846
0.49571335
1.0411679
-0.26540157
0.48093557
0.53812885
0.8827008
-0.06451897
0.28005296
0.33724624
1.0835834
-0.101323865
0.3422646
0.37405112
1.0213717
-0.20318995
0.4441307
0.47591722
0.91950566
-0.056818184
0.39772728
0.5113636
0.96590906
-0.132077
0.32246846
0.5866225
1.0411679
-0.1744925
0.48093557
0.6290379
0.8827008
0.026390119
0.28005296
0.42815533
1.0835834
-0.010414774
0.3422646
0.46496022
1.0213717
-0.11228087
0.4441307
0.56682634
0.91950566
0.03409091
0.39772728
0.60227275
0.96590906
-0.04116791
0.32246846
0.67753154
1.0411679
-0.0835834
0.48093557
0.71994704
0.8827008
0.11729921
0.28005296
0.5190644
1.0835834
0.080494314
0.3422646
0.55586934
1.0213717
-0.021371776
0.4441307
0.6577354
0.91950566
0.125
0.39772728
0.6931818
0.96590906
0.049741182
0.32246846
0.76844066
1.0411679
0.0073256926
0.48093557
0.8108561
0.8827008
0.20820831
0.28005296
0.6099735
1.0835834
0.17140341
0.3422646
0.6467784
1.0213717
0.06953731
0.4441307
0.74864453
0.91950566
0.2159091
0.39772728
0.78409094
0.96590906
0.14065027
0.32246846
0.8593497
1.0411679
0.09823478
0.48093557
0.9017652
0.8827008
0.2991174
0.28005296
0.7008826
1.0835834
0.2623125
0.3422646
0.7376875
1.0213717
0.1604464
0.4441307
0.8395536
0.91950566
0.3068182
0.39772728
0.875
0.96590906
0.23155937
0.32246846
0.9502588
1.0411679
0.18914388
0.48093557
0.9926743
0.8827008
0.39002648
0.28005296
0.7917917
1.0835834
0.3532216
0.3422646
0.8285966
1.0213717
0.2513555
0.4441307
0.93046266
0.91950566
0.39772728
0.39772728
0.96590906
0.96590906
0.32246846
0.32246846
1.0411679
1.0411679
0.28005296
0.48093557
1.0835834
0.8827008
0.48093557
0.28005296
0.8827008
1.0835834
0.4441307
0.3422646
0.91950566
1.0213717
0.3422646
0.4441307
1.0213717
0.91950566
0.48863637
0.39772728
1.0568181
0.96590906
0.41337755
0.32246846
1.132077
1.0411679
0.37096205
0.48093557
1.1744925
0.8827008
0.57184464
0.28005296
0.97360986
1.0835834
0.5350398
0.3422646
1.0104147
1.0213717
0.4331737
0.4441307
1.1122808
0.91950566
0.57954544
0.39772728
1.1477273
0.96590906
0.50428665
0.32246846
1.2229861
1.0411679
0.46187115
0.48093557
1.2654016
0.8827008
0.66275376
0.28005296
1.0645189
1.0835834
0.62594885
0.3422646
1.1013238
1.0213717
0.5240828
0.4441307
1.20319
0.91950566
0.67045456
0.39772728
1.2386364
0.96590906
0.5951957
0.32246846
1.3138952
1.0411679
0.5527802
0.48093557
1.3563107
0.8827008
0.7536628
0.28005296
1.155428
1.0835834
0.71685797
0.3422646
1.192233
1.0213717
0.61499184
0.4441307
1.2940991
0.91950566
-0.23863636
0.48863637
0.32954547
1.0568181
-0.3138952
0.41337755
0.40480426
1.132077
-0.35631067
0.57184464
0.44721976
0.97360986
-0.15542807
0.37096205
0.24633716
1.1744925
-0.19223295
0.4331737
0.28314206
1.1122808
-0.29409906
0.5350398
0.38500813
1.0104147
-0.14772727
0.48863637
0.42045453
1.0568181
-0.22298609
0.41337755
0.49571335
1.132077
-0.26540157
0.57184464
0.53812885
0.97360986
-0.06451897
0.37096205
0.33724624
1.1744925
-0.101323865
0.4331737
0.37405112
1.1122808
-0.20318995
0.5350398
0.47591722
1.0104147
-0.056818184
0.48863637
0.5113636
1.0568181
-0.132077
0.41337755
0.5866225
1.132077
-0.1744925
0.57184464
0.6290379
0.97360986
0.026390119
0.37096205
0.42815533
1.1744925
-0.010414774
0.4331737
0.46496022
1.1122808
-0.11228087
0.5350398
0.56682634
1.0104147
0.03409091
0.48863637
0.60227275
1.0568181
-0.04116791
0.41337755
0.67753154
1.132077
-0.0835834
0.57184464
0.71994704
0.97360986
0.11729921
0.37096205
0.5190644
1.1744925
0.080494314
0.4331737
0.55586934
1.1122808
-0.021371776
0.5350398
0.6577354
1.0104147
0.125
0.48863637
0.6931818
1.0568181
0.049741182
0.41337755
0.76844066
1.132077
0.0073256926
0.57184464
0.8108561
0.97360986
0.20820831
0.37096205
0.6099735
1.1744925
0.17140341
0.4331737
0.6467784
1.1122808
0.06953731
0.5350398
0.74864453
1.0104147
0.2159091
0.48863637
0.78409094
1.0568181
0.14065027
0.41337755
0.8593497
1.132077
0.09823478
0.57184464
0.9017652
0.97360986
0.2991174
0.37096205
0.7008826
1.1744925
0.2623125
0.4331737
0.7376875
1.1122808
0.1604464
0.5350398
0.8395536
1.0104147
0.3068182
0.48863637
0.875
1.0568181
0.23155937
0.41337755
0.9502588
1.132077
0.18914388
0.57184464
0.9926743
0.97360986
0.39002648
0.37096205
0.7917917
1.1744925
0.3532216
0.4331737
0.8285966
1.1122808
0.2513555
0.5350398
0.93046266
1.0104147
0.39772728
0.48863637
0.96590906
1.0568181
0.32246846
0.41337755
1.0411679
1.132077
0.28005296
0.57184464
1.0835834
0.97360986
0.48093557
0.37096205
0.8827008
1.1744925
0.4441307
0.4331737
0.91950566
1.1122808
0.3422646
0.5350398
1.0213717
1.0104147
0.48863637
0.48863637
1.0568181
1.0568181
0.41337755
0.41337755
1.132077
1.132077
0.37096205
0.57184464
1.1744925
0.97360986
0.57184464
0.37096205
0.97360986
1.1744925
0.5350398
0.4331737
1.0104147
1.1122808
0.4331737
0.5350398
1.1122808
1.0104147
0.57954544
0.48863637
1.1477273
1.0568181
0.50428665
0.41337755
1.2229861
1.132077
0.46187115
0.57184464
1.2654016
0.97360986
0.66275376
0.37096205
1.0645189
1.1744925
0.62594885
0.4331737
1.1013238
1.1122808
0.5240828
0.5350398
1.20319
1.0104147
0.67045456
0.48863637
1.2386364
1.0568181
0.5951957
0.41337755
1.3138952
1.132077
0.5527802
0.57184464
1.3563107
0.97360986
0.7536628
0.37096205
1.155428
1.1744925
0.71685797
0.4331737
1.192233
1.1122808
0.61499184
0.5350398
1.2940991
1.0104147
-0.23863636
0.57954544
0.32954547
1.1477273
-0.3138952
0.50428665
0.40480426
1.2229861
-0.35631067
0.66275376
0.44721976
1.0645189
-0.15542807
0.46187115
0.24633716
1.2654016
-0.19223295
0.5240828
0.28314206
1.20319
-0.29409906
0.62594885
0.38500813
1.1013238
-0.14772727
0.57954544
0.42045453
1.1477273
-0.22298609
0.50428665
0.49571335
1.2229861
-0.26540157
0.66275376
0.53812885
1.0645189
-0.06451897
0.46187115
0.33724624
1.2654016
-0.101323865
0.5240828
0.37405112
1.20319
-0.20318995
0.62594885
0.47591722
1.1013238
-0.056818184
0.57954544
0.5113636
1.1477273
-0.132077
0.50428665
0.5866225
1.2229861
-0.1744925
0.66275376
0.6290379
1.0645189
0.026390119
0.46187115
0.42815533
1.2654016
-0.010414774
0.5240828
0.46496022
1.20319
-0.11228087
0.62594885
0.56682634
1.1013238
0.03409091
0.57954544
0.60227275
1.1477273
-0.04116791
0.50428665
0.67753154
1.2229861
-0.0835834
0.66275376
0.71994704
1.0645189
0.11729921
0.46187115
0.5190644
1.2654016
0.080494314
0.5240828
0.55586934
1.20319
-0.021371776
0.62594885
0.6577354
1.1013238
0.125
0.57954544
0.6931818
1.1477273
0.049741182
0.50428665
0.76844066
1.2229861
0.0073256926
0.66275376
0.8108561
1.0645189
0.20820831
0.46187115
0.6099735
1.2654016
0.17140341
0.5240828
0.6467784
1.20319
0.06953731
0.62594885
0.74864453
1.1013238
0.2159091
0.57954544
0.78409094
1.1477273
0.14065027
0.50428665
0.8593497
1.2229861
0.09823478
0.66275376
0.9017652
1.0645189
0.2991174
0.46187115
0.7008826
1.2654016
0.2623125
0.5240828
0.7376875
1.20319
0.1604464
0.62594885
0.8395536
1.1013238
0.3068182
0.57954544
0.875
1.1477273
0.23155937
0.50428665
0.9502588
1.2229861
0.18914388
0.66275376
0.9926743
1.0645189
0.39002648
0.46187115
0.7917917
1.2654016
0.3532216
0.5240828
0.8285966
1.20319
0.2513555
0.62594885
0.93046266
1.1013238
0.39772728
0.57954544
0.96590906
1.1477273
0.32246846
0.50428665
1.0411679
1.2229861
0.28005296
0.66275376
1.0835834
1.0645189
0.48093557
0.46187115
0.8827008
1.2654016
0.4441307
0.5240828
0.91950566
1.20319
0.3422646
0.62594885
1.0213717
1.1013238
0.48863637
0.57954544
1.0568181
1.1477273
0.41337755
0.50428665
1.132077
1.2229861
0.37096205
0.66275376
1.1744925
1.0645189
0.57184464
0.46187115
0.97360986
1.2654016
0.5350398
0.5240828
1.0104147
1.20319
0.4331737
0.62594885
1.1122808
1.1013238
0.57954544
0.57954544
1.1477273
1.1477273
0.50428665
0.50428665
1.2229861
1.2229861
0.46187115
0.66275376
1.2654016
1.0645189
0.66275376
0.46187115
1.0645189
1.2654016
0.62594885
0.5240828
1.1013238
1.20319
0.5240828
0.62594885
1.20319
1.1013238
0.67045456
0.57954544
1.2386364
1.1477273
0.5951957
0.50428665
1.3138952
1.2229861
0.5527802
0.66275376
1.3563107
1.0645189
0.7536628
0.46187115
1.155428
1.2654016
0.71685797
0.5240828
1.192233
1.20319
0.61499184
0.62594885
1.2940991
1.1013238
-0.23863636
0.67045456
0.32954547
1.2386364
-0.3138952
0.5951957
0.40480426
1.3138952
-0.35631067
0.7536628
0.44721976
1.155428
-0.15542807
0.5527802
0.24633716
1.3563107
-0.19223295
0.61499184
0.28314206
1.2940991
-0.29409906
0.71685797
0.38500813
1.192233
-0.14772727
0.67045456
0.42045453
1.2386364
-0.22298609
0.5951957
0.49571335
1.3138952
-0.26540157
0.7536628
0.53812885
1.155428
-0.06451897
0.5527802
0.33724624
1.3563107
-0.101323865
0.61499184
0.37405112
1.2940991
-0.20318995
0.71685797
0.47591722
1.192233
-0.056818184
0.67045456
0.5113636
1.2386364
-0.132077
0.5951957
0.5866225
1.3138952
-0.1744925
0.7536628
0.6290379
1.155428
0.026390119
0.5527802
0.42815533
1.3563107
-0.010414774
0.61499184
0.46496022
1.2940991
-0.11228087
0.71685797
0.56682634
1.192233
0.03409091
0.67045456
0.60227275
1.2386364
-0.04116791
0.5951957
0.67753154
1.3138952
-0.0835834
0.7536628
0.71994704
1.155428
0.11729921
0.5527802
0.5190644
1.3563107
0.080494314
0.61499184
0.55586934
1.2940991
-0.021371776
0.71685797
0.6577354
1.192233
0.125
0.67045456
0.6931818
1.2386364
0.049741182
0.5951957
0.76844066
1.3138952
0.0073256926
0.7536628
0.8108561
1.155428
0.20820831
0.5527802
0.6099735
1.3563107
0.17140341
0.61499184
0.6467784
1.2940991
0.06953731
0.71685797
0.74864453
1.192233
0.2159091
0.67045456
0.78409094
1.2386364
0.14065027
0.5951957
0.8593497
1.3138952
0.09823478
0.7536628
0.9017652
1.155428
0.2991174
0.5527802
0.7008826
1.3563107
0.2623125
0.61499184
0.7376875
1.2940991
0.1604464
0.71685797
0.8395536
1.192233
0.3068182
0.67045456
0.875
1.2386364
0.23155937
0.5951957
0.9502588
1.3138952
0.18914388
0.7536628
0.9926743
1.155428
0.39002648
0.5527802
0.7917917
1.3563107
0.3532216
0.61499184
0.8285966
1.2940991
0.2513555
0.71685797
0.93046266
1.192233
0.39772728
0.67045456
0.96590906
1.2386364
0.32246846
0.5951957
1.0411679
1.3138952
0.28005296
0.7536628
1.0835834
1.155428
0.48093557
0.5527802
0.8827008
1.3563107
0.4441307
0.61499184
0.91950566
1.2940991
0.3422646
0.71685797
1.0213717
1.192233
0.48863637
0.67045456
1.0568181
1.2386364
0.41337755
0.5951957
1.132077
1.3138952
0.37096205
0.7536628
1.1744925
1.155428
0.57184464
0.5527802
0.97360986
1.3563107
0.5350398
0.61499184
1.0104147
1.2940991
0.4331737
0.71685797
1.1122808
1.192233
0.57954544
0.67045456
1.1477273
1.2386364
0.50428665
0.5951957
1.2229861
1.3138952
0.46187115
0.7536628
1.2654016
1.155428
0.66275376
0.5527802
1.0645189
1.3563107
0.62594885
0.61499184
1.1013238
1.2940991
0.5240828
0.71685797
1.20319
1.192233
0.67045456
0.67045456
1.2386364
1.2386364
0.5951957
0.5951957
1.3138952
1.3138952
0.5527802
0.7536628
1.3563107
1.155428
0.7536628
0.5527802
1.155428
1.3563107
0.71685797
0.61499184
1.192233
1.2940991
0.61499184
0.71685797
1.2940991
1.192233
